Pcp_File_Version=4
*** BLOCK I: ATMOSPHERIC INFORMATION  **********************************
MaxAL (MaxAL = number of atmospheric data-records)
120
lDailyVar lSinusVar lLai lBCCycles lInterc 
f f f f f
hCritS (max. allowed pressure head at the soil surface)
0.0
 tAtm  Prec  rSoil  rRoot  hCritA  rB  hB  ht  tTop  tBot  Ampl  cTop  cBot
  1.0  0.04  0.122  0.012 15000.0 0.0 0.0 0.0   0.0   0.0   0.0   0.0   0.0
  2.0  0.00  0.103  0.011 15000.0 0.0 0.0 0.0   0.0   0.0   0.0   0.0   0.0
  3.0  3.44  0.130  0.015 15000.0 0.0 0.0 0.0   0.0   0.0   0.0   0.0   0.0
  4.0  0.00  0.133  0.016 15000.0 0.0 0.0 0.0   0.0   0.0   0.0   0.0   0.0
  5.0  0.00  0.092  0.012 15000.0 0.0 0.0 0.0   0.0   0.0   0.0   0.0   0.0
  6.0  3.30  0.102  0.014 15000.0 0.0 0.0 0.0   0.0   0.0   0.0   0.0   0.0
  7.0  0.23  0.123  0.018 15000.0 0.0 0.0 0.0   0.0   0.0   0.0   0.0   0.0
  8.0  0.00  0.117  0.018 15000.0 0.0 0.0 0.0   0.0   0.0   0.0   0.0   0.0
  9.0  0.54  0.122  0.020 15000.0 0.0 0.0 0.0   0.0   0.0   0.0   0.0   0.0
 10.0  0.00  0.111  0.019 15000.0 0.0 0.0 0.0   0.0   0.0   0.0   0.0   0.0
 11.0  0.00  0.135  0.024 15000.0 0.0 0.0 0.0   0.0   0.0   0.0   0.0   0.0
 12.0  0.00  0.134  0.025 15000.0 0.0 0.0 0.0   0.0   0.0   0.0   0.0   0.0
 13.0  0.00  0.125  0.025 15000.0 0.0 0.0 0.0   0.0   0.0   0.0   0.0   0.0
 14.0  0.61  0.139  0.029 15000.0 0.0 0.0 0.0   0.0   0.0   0.0   0.0   0.0
 15.0  0.00  0.131  0.028 15000.0 0.0 0.0 0.0   0.0   0.0   0.0   0.0   0.0
 16.0  0.00  0.114  0.026 15000.0 0.0 0.0 0.0   0.0   0.0   0.0   0.0   0.0
 17.0  0.00  0.130  0.030 15000.0 0.0 0.0 0.0   0.0   0.0   0.0   0.0   0.0
 18.0  0.80  0.114  0.028 15000.0 0.0 0.0 0.0   0.0   0.0   0.0   0.0   0.0
 19.0  0.00  0.138  0.035 15000.0 0.0 0.0 0.0   0.0   0.0   0.0   0.0   0.0
 20.0  0.00  0.126  0.033 15000.0 0.0 0.0 0.0   0.0   0.0   0.0   0.0   0.0
 21.0  0.00  0.128  0.040 15000.0 0.0 0.0 0.0   0.0   0.0   0.0   0.0   0.0
 22.0  0.00  0.124  0.045 15000.0 0.0 0.0 0.0   0.0   0.0   0.0   0.0   0.0
 23.0  0.00  0.151  0.063 15000.0 0.0 0.0 0.0   0.0   0.0   0.0   0.0   0.0
 24.0  1.88  0.135  0.064 15000.0 0.0 0.0 0.0   0.0   0.0   0.0   0.0   0.0
 25.0  0.00  0.133  0.072 15000.0 0.0 0.0 0.0   0.0   0.0   0.0   0.0   0.0
 26.0  0.00  0.136  0.081 15000.0 0.0 0.0 0.0   0.0   0.0   0.0   0.0   0.0
 27.0  0.00  0.149  0.099 15000.0 0.0 0.0 0.0   0.0   0.0   0.0   0.0   0.0
 28.0  0.95  0.148  0.108 15000.0 0.0 0.0 0.0   0.0   0.0   0.0   0.0   0.0
 29.0  0.00  0.149  0.120 15000.0 0.0 0.0 0.0   0.0   0.0   0.0   0.0   0.0
 30.0  0.00  0.150  0.131 15000.0 0.0 0.0 0.0   0.0   0.0   0.0   0.0   0.0
 31.0  2.25  0.173  0.165 15000.0 0.0 0.0 0.0   0.0   0.0   0.0   0.0   0.0
 32.0  0.00  0.140  0.144 15000.0 0.0 0.0 0.0   0.0   0.0   0.0   0.0   0.0
 33.0  0.98  0.139  0.155 15000.0 0.0 0.0 0.0   0.0   0.0   0.0   0.0   0.0
 34.0  0.00  0.135  0.162 15000.0 0.0 0.0 0.0   0.0   0.0   0.0   0.0   0.0
 35.0  0.00  0.153  0.197 15000.0 0.0 0.0 0.0   0.0   0.0   0.0   0.0   0.0
 36.0  0.00  0.159  0.220 15000.0 0.0 0.0 0.0   0.0   0.0   0.0   0.0   0.0
 37.0  0.00  0.143  0.211 15000.0 0.0 0.0 0.0   0.0   0.0   0.0   0.0   0.0
 38.0  0.00  0.134  0.211 15000.0 0.0 0.0 0.0   0.0   0.0   0.0   0.0   0.0
 39.0  1.23  0.134  0.224 15000.0 0.0 0.0 0.0   0.0   0.0   0.0   0.0   0.0
 40.0  0.00  0.150  0.269 15000.0 0.0 0.0 0.0   0.0   0.0   0.0   0.0   0.0
 41.0  2.65  0.150  0.286 15000.0 0.0 0.0 0.0   0.0   0.0   0.0   0.0   0.0
 42.0  1.47  0.147  0.297 15000.0 0.0 0.0 0.0   0.0   0.0   0.0   0.0   0.0
 43.0  0.00  0.132  0.282 15000.0 0.0 0.0 0.0   0.0   0.0   0.0   0.0   0.0
 44.0  0.00  0.141  0.319 15000.0 0.0 0.0 0.0   0.0   0.0   0.0   0.0   0.0
 45.0  0.00  0.138  0.332 15000.0 0.0 0.0 0.0   0.0   0.0   0.0   0.0   0.0
 46.0  0.00  0.138  0.350 15000.0 0.0 0.0 0.0   0.0   0.0   0.0   0.0   0.0
 47.0  0.00  0.143  0.384 15000.0 0.0 0.0 0.0   0.0   0.0   0.0   0.0   0.0
 48.0  0.00  0.135  0.381 15000.0 0.0 0.0 0.0   0.0   0.0   0.0   0.0   0.0
 49.0  0.00  0.138  0.411 15000.0 0.0 0.0 0.0   0.0   0.0   0.0   0.0   0.0
 50.0  0.00  0.130  0.408 15000.0 0.0 0.0 0.0   0.0   0.0   0.0   0.0   0.0
 51.0  1.28  0.130  0.431 15000.0 0.0 0.0 0.0   0.0   0.0   0.0   0.0   0.0
 52.0  0.00  0.132  0.459 15000.0 0.0 0.0 0.0   0.0   0.0   0.0   0.0   0.0
 53.0  0.20  0.110  0.403 15000.0 0.0 0.0 0.0   0.0   0.0   0.0   0.0   0.0
 54.0  0.99  0.119  0.459 15000.0 0.0 0.0 0.0   0.0   0.0   0.0   0.0   0.0
 55.0  0.00  0.116  0.469 15000.0 0.0 0.0 0.0   0.0   0.0   0.0   0.0   0.0
 56.0  0.00  0.114  0.466 15000.0 0.0 0.0 0.0   0.0   0.0   0.0   0.0   0.0
 57.0  0.00  0.117  0.482 15000.0 0.0 0.0 0.0   0.0   0.0   0.0   0.0   0.0
 58.0  0.00  0.132  0.551 15000.0 0.0 0.0 0.0   0.0   0.0   0.0   0.0   0.0
 59.0  0.00  0.111  0.466 15000.0 0.0 0.0 0.0   0.0   0.0   0.0   0.0   0.0
 60.0  0.00  0.127  0.537 15000.0 0.0 0.0 0.0   0.0   0.0   0.0   0.0   0.0
 61.0  0.00  0.103  0.441 15000.0 0.0 0.0 0.0   0.0   0.0   0.0   0.0   0.0
 62.0  0.00  0.115  0.494 15000.0 0.0 0.0 0.0   0.0   0.0   0.0   0.0   0.0
 63.0  0.00  0.119  0.515 15000.0 0.0 0.0 0.0   0.0   0.0   0.0   0.0   0.0
 64.0  0.00  0.122  0.533 15000.0 0.0 0.0 0.0   0.0   0.0   0.0   0.0   0.0
 65.0  0.00  0.123  0.540 15000.0 0.0 0.0 0.0   0.0   0.0   0.0   0.0   0.0
 66.0  0.25  0.123  0.545 15000.0 0.0 0.0 0.0   0.0   0.0   0.0   0.0   0.0
 67.0  0.00  0.113  0.505 15000.0 0.0 0.0 0.0   0.0   0.0   0.0   0.0   0.0
 68.0  0.33  0.111  0.502 15000.0 0.0 0.0 0.0   0.0   0.0   0.0   0.0   0.0
 69.0  0.00  0.122  0.554 15000.0 0.0 0.0 0.0   0.0   0.0   0.0   0.0   0.0
 70.0  2.06  0.113  0.516 15000.0 0.0 0.0 0.0   0.0   0.0   0.0   0.0   0.0
 71.0  1.48  0.103  0.477 15000.0 0.0 0.0 0.0   0.0   0.0   0.0   0.0   0.0
 72.0  0.00  0.104  0.484 15000.0 0.0 0.0 0.0   0.0   0.0   0.0   0.0   0.0
 73.0  0.05  0.105  0.494 15000.0 0.0 0.0 0.0   0.0   0.0   0.0   0.0   0.0
 74.0  0.49  0.116  0.549 15000.0 0.0 0.0 0.0   0.0   0.0   0.0   0.0   0.0
 75.0  0.00  0.112  0.537 15000.0 0.0 0.0 0.0   0.0   0.0   0.0   0.0   0.0
 76.0  0.00  0.116  0.559 15000.0 0.0 0.0 0.0   0.0   0.0   0.0   0.0   0.0
 77.0  0.34  0.107  0.517 15000.0 0.0 0.0 0.0   0.0   0.0   0.0   0.0   0.0
 78.0  0.00  0.111  0.540 15000.0 0.0 0.0 0.0   0.0   0.0   0.0   0.0   0.0
 79.0  0.00  0.114  0.559 15000.0 0.0 0.0 0.0   0.0   0.0   0.0   0.0   0.0
 80.0  0.00  0.106  0.524 15000.0 0.0 0.0 0.0   0.0   0.0   0.0   0.0   0.0
 81.0  0.00  0.111  0.554 15000.0 0.0 0.0 0.0   0.0   0.0   0.0   0.0   0.0
 82.0  0.93  0.101  0.512 15000.0 0.0 0.0 0.0   0.0   0.0   0.0   0.0   0.0
 83.0  0.38  0.103  0.524 15000.0 0.0 0.0 0.0   0.0   0.0   0.0   0.0   0.0
 84.0  0.90  0.102  0.523 15000.0 0.0 0.0 0.0   0.0   0.0   0.0   0.0   0.0
 85.0  0.52  0.095  0.492 15000.0 0.0 0.0 0.0   0.0   0.0   0.0   0.0   0.0
 86.0  0.00  0.107  0.557 15000.0 0.0 0.0 0.0   0.0   0.0   0.0   0.0   0.0
 87.0  1.47  0.099  0.520 15000.0 0.0 0.0 0.0   0.0   0.0   0.0   0.0   0.0
 88.0  0.00  0.102  0.539 15000.0 0.0 0.0 0.0   0.0   0.0   0.0   0.0   0.0
 89.0  0.00  0.104  0.557 15000.0 0.0 0.0 0.0   0.0   0.0   0.0   0.0   0.0
 90.0  0.00  0.103  0.555 15000.0 0.0 0.0 0.0   0.0   0.0   0.0   0.0   0.0
 91.0  0.90  0.106  0.550 15000.0 0.0 0.0 0.0   0.0   0.0   0.0   0.0   0.0
 92.0  0.00  0.102  0.508 15000.0 0.0 0.0 0.0   0.0   0.0   0.0   0.0   0.0
 93.0  0.00  0.101  0.484 15000.0 0.0 0.0 0.0   0.0   0.0   0.0   0.0   0.0
 94.0  0.00  0.104  0.484 15000.0 0.0 0.0 0.0   0.0   0.0   0.0   0.0   0.0
 95.0  0.82  0.093  0.415 15000.0 0.0 0.0 0.0   0.0   0.0   0.0   0.0   0.0
 96.0  0.43  0.096  0.412 15000.0 0.0 0.0 0.0   0.0   0.0   0.0   0.0   0.0
 97.0  0.00  0.098  0.404 15000.0 0.0 0.0 0.0   0.0   0.0   0.0   0.0   0.0
 98.0  0.00  0.101  0.403 15000.0 0.0 0.0 0.0   0.0   0.0   0.0   0.0   0.0
 99.0  0.00  0.114  0.435 15000.0 0.0 0.0 0.0   0.0   0.0   0.0   0.0   0.0
100.0  0.00  0.104  0.382 15000.0 0.0 0.0 0.0   0.0   0.0   0.0   0.0   0.0
101.0  0.00  0.109  0.385 15000.0 0.0 0.0 0.0   0.0   0.0   0.0   0.0   0.0
102.0  0.00  0.124  0.421 15000.0 0.0 0.0 0.0   0.0   0.0   0.0   0.0   0.0
103.0  0.00  0.111  0.361 15000.0 0.0 0.0 0.0   0.0   0.0   0.0   0.0   0.0
104.0  0.00  0.121  0.379 15000.0 0.0 0.0 0.0   0.0   0.0   0.0   0.0   0.0
105.0  0.64  0.107  0.322 15000.0 0.0 0.0 0.0   0.0   0.0   0.0   0.0   0.0
106.0  0.00  0.114  0.328 15000.0 0.0 0.0 0.0   0.0   0.0   0.0   0.0   0.0
107.0  0.00  0.108  0.298 15000.0 0.0 0.0 0.0   0.0   0.0   0.0   0.0   0.0
108.0  1.73  0.113  0.301 15000.0 0.0 0.0 0.0   0.0   0.0   0.0   0.0   0.0
109.0  1.79  0.124  0.316 15000.0 0.0 0.0 0.0   0.0   0.0   0.0   0.0   0.0
110.0  0.00  0.101  0.247 15000.0 0.0 0.0 0.0   0.0   0.0   0.0   0.0   0.0
111.0  0.00  0.121  0.282 15000.0 0.0 0.0 0.0   0.0   0.0   0.0   0.0   0.0
112.0  0.00  0.119  0.266 15000.0 0.0 0.0 0.0   0.0   0.0   0.0   0.0   0.0
113.0  0.00  0.112  0.238 15000.0 0.0 0.0 0.0   0.0   0.0   0.0   0.0   0.0
114.0  0.00  0.103  0.211 15000.0 0.0 0.0 0.0   0.0   0.0   0.0   0.0   0.0
115.0  0.00  0.117  0.229 15000.0 0.0 0.0 0.0   0.0   0.0   0.0   0.0   0.0
116.0  0.00  0.111  0.207 15000.0 0.0 0.0 0.0   0.0   0.0   0.0   0.0   0.0
117.0  0.23  0.118  0.209 15000.0 0.0 0.0 0.0   0.0   0.0   0.0   0.0   0.0
118.0  0.58  0.116  0.195 15000.0 0.0 0.0 0.0   0.0   0.0   0.0   0.0   0.0
119.0  0.00  0.130  0.209 15000.0 0.0 0.0 0.0   0.0   0.0   0.0   0.0   0.0
120.0  0.00  0.112  0.170 15000.0 0.0 0.0 0.0   0.0   0.0   0.0   0.0   0.0
end*** END OF INPUT FILE ATMOSPH.IN **********************************
