Pcp_File_Version=4
0
201 0 0 0         x    h  Mat  Lay  Beta  Axz  Bxz  Dxz  Temp Conc SConc
1      0.0 -300    1    1     0  1.0  1.0  1.0  20.0           
2     -0.5 -300    1    1     0  1.0  1.0  1.0  20.0           
3     -1.0 -300    1    1     0  1.0  1.0  1.0  20.0           
4     -1.5 -300    2    2     0  1.0  1.0  1.0  20.0           
5     -2.0 -300    2    2     0  1.0  1.0  1.0  20.0           
6     -2.5 -300    2    2     0  1.0  1.0  1.0  20.0           
7     -3.0 -300    2    2     0  1.0  1.0  1.0  20.0           
8     -3.5 -300    2    2     0  1.0  1.0  1.0  20.0           
9     -4.0 -300    2    2     0  1.0  1.0  1.0  20.0           
10    -4.5 -300    2    2     0  1.0  1.0  1.0  20.0           
11    -5.0 -300    2    2     0  1.0  1.0  1.0  20.0           
12    -5.5 -300    2    2     0  1.0  1.0  1.0  20.0           
13    -6.0 -300    2    2     0  1.0  1.0  1.0  20.0           
14    -6.5 -300    2    2     0  1.0  1.0  1.0  20.0           
15    -7.0 -300    2    2     0  1.0  1.0  1.0  20.0           
16    -7.5 -300    2    2     0  1.0  1.0  1.0  20.0           
17    -8.0 -300    2    2     0  1.0  1.0  1.0  20.0           
18    -8.5 -300    2    2     0  1.0  1.0  1.0  20.0           
19    -9.0 -300    2    2     0  1.0  1.0  1.0  20.0           
20    -9.5 -300    2    2     0  1.0  1.0  1.0  20.0           
21   -10.0 -300    2    2     0  1.0  1.0  1.0  20.0           
22   -10.5 -300    2    2     0  1.0  1.0  1.0  20.0           
23   -11.0 -300    2    2     0  1.0  1.0  1.0  20.0           
24   -11.5 -300    2    2     0  1.0  1.0  1.0  20.0           
25   -12.0 -300    2    2     0  1.0  1.0  1.0  20.0           
26   -12.5 -300    2    2     0  1.0  1.0  1.0  20.0           
27   -13.0 -300    2    2     0  1.0  1.0  1.0  20.0           
28   -13.5 -300    2    2     0  1.0  1.0  1.0  20.0           
29   -14.0 -300    2    2     0  1.0  1.0  1.0  20.0           
30   -14.5 -300    2    2     0  1.0  1.0  1.0  20.0           
31   -15.0 -300    2    2     0  1.0  1.0  1.0  20.0           
32   -15.5 -300    2    2     0  1.0  1.0  1.0  20.0           
33   -16.0 -300    2    2     0  1.0  1.0  1.0  20.0           
34   -16.5 -300    2    2     0  1.0  1.0  1.0  20.0           
35   -17.0 -300    2    2     0  1.0  1.0  1.0  20.0           
36   -17.5 -300    2    2     0  1.0  1.0  1.0  20.0           
37   -18.0 -300    2    2     0  1.0  1.0  1.0  20.0           
38   -18.5 -300    2    2     0  1.0  1.0  1.0  20.0           
39   -19.0 -300    2    2     0  1.0  1.0  1.0  20.0           
40   -19.5 -300    2    2     0  1.0  1.0  1.0  20.0           
41   -20.0 -300    2    2     0  1.0  1.0  1.0  20.0           
42   -20.5 -300    2    2     0  1.0  1.0  1.0  20.0           
43   -21.0 -300    2    2     0  1.0  1.0  1.0  20.0           
44   -21.5 -300    2    2     0  1.0  1.0  1.0  20.0           
45   -22.0 -300    2    2     0  1.0  1.0  1.0  20.0           
46   -22.5 -300    2    2     0  1.0  1.0  1.0  20.0           
47   -23.0 -300    2    2     0  1.0  1.0  1.0  20.0           
48   -23.5 -300    2    2     0  1.0  1.0  1.0  20.0           
49   -24.0 -300    2    2     0  1.0  1.0  1.0  20.0           
50   -24.5 -300    2    2     0  1.0  1.0  1.0  20.0           
51   -25.0 -300    2    2     0  1.0  1.0  1.0  20.0           
52   -25.5 -300    2    2     0  1.0  1.0  1.0  20.0           
53   -26.0 -300    2    2     0  1.0  1.0  1.0  20.0           
54   -26.5 -300    2    2     0  1.0  1.0  1.0  20.0           
55   -27.0 -300    2    2     0  1.0  1.0  1.0  20.0           
56   -27.5 -300    2    2     0  1.0  1.0  1.0  20.0           
57   -28.0 -300    2    2     0  1.0  1.0  1.0  20.0           
58   -28.5 -300    2    2     0  1.0  1.0  1.0  20.0           
59   -29.0 -300    2    2     0  1.0  1.0  1.0  20.0           
60   -29.5 -300    2    2     0  1.0  1.0  1.0  20.0           
61   -30.0 -300    2    2     0  1.0  1.0  1.0  20.0           
62   -30.5 -300    2    2     0  1.0  1.0  1.0  20.0           
63   -31.0 -300    2    2     0  1.0  1.0  1.0  20.0           
64   -31.5 -300    2    2     0  1.0  1.0  1.0  20.0           
65   -32.0 -300    2    2     0  1.0  1.0  1.0  20.0           
66   -32.5 -300    2    2     0  1.0  1.0  1.0  20.0           
67   -33.0 -300    2    2     0  1.0  1.0  1.0  20.0           
68   -33.5 -300    2    2     0  1.0  1.0  1.0  20.0           
69   -34.0 -300    2    2     0  1.0  1.0  1.0  20.0           
70   -34.5 -300    2    2     0  1.0  1.0  1.0  20.0           
71   -35.0 -300    2    2     0  1.0  1.0  1.0  20.0           
72   -35.5 -300    2    2     0  1.0  1.0  1.0  20.0           
73   -36.0 -300    2    2     0  1.0  1.0  1.0  20.0           
74   -36.5 -300    2    2     0  1.0  1.0  1.0  20.0           
75   -37.0 -300    2    2     0  1.0  1.0  1.0  20.0           
76   -37.5 -300    2    2     0  1.0  1.0  1.0  20.0           
77   -38.0 -300    2    2     0  1.0  1.0  1.0  20.0           
78   -38.5 -300    2    2     0  1.0  1.0  1.0  20.0           
79   -39.0 -300    2    2     0  1.0  1.0  1.0  20.0           
80   -39.5 -300    2    2     0  1.0  1.0  1.0  20.0           
81   -40.0 -300    2    2     0  1.0  1.0  1.0  20.0           
82   -40.5 -300    2    2     0  1.0  1.0  1.0  20.0           
83   -41.0 -300    2    2     0  1.0  1.0  1.0  20.0           
84   -41.5 -300    2    2     0  1.0  1.0  1.0  20.0           
85   -42.0 -300    2    2     0  1.0  1.0  1.0  20.0           
86   -42.5 -300    2    2     0  1.0  1.0  1.0  20.0           
87   -43.0 -300    2    2     0  1.0  1.0  1.0  20.0           
88   -43.5 -300    2    2     0  1.0  1.0  1.0  20.0           
89   -44.0 -300    2    2     0  1.0  1.0  1.0  20.0           
90   -44.5 -300    2    2     0  1.0  1.0  1.0  20.0           
91   -45.0 -300    2    2     0  1.0  1.0  1.0  20.0           
92   -45.5 -300    2    2     0  1.0  1.0  1.0  20.0           
93   -46.0 -300    2    2     0  1.0  1.0  1.0  20.0           
94   -46.5 -300    2    2     0  1.0  1.0  1.0  20.0           
95   -47.0 -300    2    2     0  1.0  1.0  1.0  20.0           
96   -47.5 -300    2    2     0  1.0  1.0  1.0  20.0           
97   -48.0 -300    2    2     0  1.0  1.0  1.0  20.0           
98   -48.5 -300    2    2     0  1.0  1.0  1.0  20.0           
99   -49.0 -300    2    2     0  1.0  1.0  1.0  20.0           
100  -49.5 -300    2    2     0  1.0  1.0  1.0  20.0           
101  -50.0 -300    2    2     0  1.0  1.0  1.0  20.0           
102  -50.5 -300    2    2     0  1.0  1.0  1.0  20.0           
103  -51.0 -300    2    2     0  1.0  1.0  1.0  20.0           
104  -51.5 -300    2    2     0  1.0  1.0  1.0  20.0           
105  -52.0 -300    2    2     0  1.0  1.0  1.0  20.0           
106  -52.5 -300    2    2     0  1.0  1.0  1.0  20.0           
107  -53.0 -300    2    2     0  1.0  1.0  1.0  20.0           
108  -53.5 -300    2    2     0  1.0  1.0  1.0  20.0           
109  -54.0 -300    2    2     0  1.0  1.0  1.0  20.0           
110  -54.5 -300    2    2     0  1.0  1.0  1.0  20.0           
111  -55.0 -300    2    2     0  1.0  1.0  1.0  20.0           
112  -55.5 -300    2    2     0  1.0  1.0  1.0  20.0           
113  -56.0 -300    2    2     0  1.0  1.0  1.0  20.0           
114  -56.5 -300    2    2     0  1.0  1.0  1.0  20.0           
115  -57.0 -300    2    2     0  1.0  1.0  1.0  20.0           
116  -57.5 -300    2    2     0  1.0  1.0  1.0  20.0           
117  -58.0 -300    2    2     0  1.0  1.0  1.0  20.0           
118  -58.5 -300    2    2     0  1.0  1.0  1.0  20.0           
119  -59.0 -300    2    2     0  1.0  1.0  1.0  20.0           
120  -59.5 -300    2    2     0  1.0  1.0  1.0  20.0           
121  -60.0 -300    2    2     0  1.0  1.0  1.0  20.0           
122  -60.5 -300    2    2     0  1.0  1.0  1.0  20.0           
123  -61.0 -300    2    2     0  1.0  1.0  1.0  20.0           
124  -61.5 -300    2    2     0  1.0  1.0  1.0  20.0           
125  -62.0 -300    2    2     0  1.0  1.0  1.0  20.0           
126  -62.5 -300    2    2     0  1.0  1.0  1.0  20.0           
127  -63.0 -300    2    2     0  1.0  1.0  1.0  20.0           
128  -63.5 -300    2    2     0  1.0  1.0  1.0  20.0           
129  -64.0 -300    2    2     0  1.0  1.0  1.0  20.0           
130  -64.5 -300    2    2     0  1.0  1.0  1.0  20.0           
131  -65.0 -300    2    2     0  1.0  1.0  1.0  20.0           
132  -65.5 -300    2    2     0  1.0  1.0  1.0  20.0           
133  -66.0 -300    2    2     0  1.0  1.0  1.0  20.0           
134  -66.5 -300    2    2     0  1.0  1.0  1.0  20.0           
135  -67.0 -300    2    2     0  1.0  1.0  1.0  20.0           
136  -67.5 -300    2    2     0  1.0  1.0  1.0  20.0           
137  -68.0 -300    2    2     0  1.0  1.0  1.0  20.0           
138  -68.5 -300    2    2     0  1.0  1.0  1.0  20.0           
139  -69.0 -300    2    2     0  1.0  1.0  1.0  20.0           
140  -69.5 -300    2    2     0  1.0  1.0  1.0  20.0           
141  -70.0 -300    2    2     0  1.0  1.0  1.0  20.0           
142  -70.5 -300    2    2     0  1.0  1.0  1.0  20.0           
143  -71.0 -300    2    2     0  1.0  1.0  1.0  20.0           
144  -71.5 -300    2    2     0  1.0  1.0  1.0  20.0           
145  -72.0 -300    2    2     0  1.0  1.0  1.0  20.0           
146  -72.5 -300    2    2     0  1.0  1.0  1.0  20.0           
147  -73.0 -300    2    2     0  1.0  1.0  1.0  20.0           
148  -73.5 -300    2    2     0  1.0  1.0  1.0  20.0           
149  -74.0 -300    2    2     0  1.0  1.0  1.0  20.0           
150  -74.5 -300    2    2     0  1.0  1.0  1.0  20.0           
151  -75.0 -300    2    2     0  1.0  1.0  1.0  20.0           
152  -75.5 -300    2    2     0  1.0  1.0  1.0  20.0           
153  -76.0 -300    2    2     0  1.0  1.0  1.0  20.0           
154  -76.5 -300    2    2     0  1.0  1.0  1.0  20.0           
155  -77.0 -300    2    2     0  1.0  1.0  1.0  20.0           
156  -77.5 -300    2    2     0  1.0  1.0  1.0  20.0           
157  -78.0 -300    2    2     0  1.0  1.0  1.0  20.0           
158  -78.5 -300    2    2     0  1.0  1.0  1.0  20.0           
159  -79.0 -300    2    2     0  1.0  1.0  1.0  20.0           
160  -79.5 -300    2    2     0  1.0  1.0  1.0  20.0           
161  -80.0 -300    2    2     0  1.0  1.0  1.0  20.0           
162  -80.5 -300    2    2     0  1.0  1.0  1.0  20.0           
163  -81.0 -300    2    2     0  1.0  1.0  1.0  20.0           
164  -81.5 -300    2    2     0  1.0  1.0  1.0  20.0           
165  -82.0 -300    2    2     0  1.0  1.0  1.0  20.0           
166  -82.5 -300    2    2     0  1.0  1.0  1.0  20.0           
167  -83.0 -300    2    2     0  1.0  1.0  1.0  20.0           
168  -83.5 -300    2    2     0  1.0  1.0  1.0  20.0           
169  -84.0 -300    2    2     0  1.0  1.0  1.0  20.0           
170  -84.5 -300    2    2     0  1.0  1.0  1.0  20.0           
171  -85.0 -300    2    2     0  1.0  1.0  1.0  20.0           
172  -85.5 -300    2    2     0  1.0  1.0  1.0  20.0           
173  -86.0 -300    2    2     0  1.0  1.0  1.0  20.0           
174  -86.5 -300    2    2     0  1.0  1.0  1.0  20.0           
175  -87.0 -300    2    2     0  1.0  1.0  1.0  20.0           
176  -87.5 -300    2    2     0  1.0  1.0  1.0  20.0           
177  -88.0 -300    2    2     0  1.0  1.0  1.0  20.0           
178  -88.5 -300    2    2     0  1.0  1.0  1.0  20.0           
179  -89.0 -300    2    2     0  1.0  1.0  1.0  20.0           
180  -89.5 -300    2    2     0  1.0  1.0  1.0  20.0           
181  -90.0 -300    2    2     0  1.0  1.0  1.0  20.0           
182  -90.5 -300    2    2     0  1.0  1.0  1.0  20.0           
183  -91.0 -300    2    2     0  1.0  1.0  1.0  20.0           
184  -91.5 -300    2    2     0  1.0  1.0  1.0  20.0           
185  -92.0 -300    2    2     0  1.0  1.0  1.0  20.0           
186  -92.5 -300    2    2     0  1.0  1.0  1.0  20.0           
187  -93.0 -300    2    2     0  1.0  1.0  1.0  20.0           
188  -93.5 -300    2    2     0  1.0  1.0  1.0  20.0           
189  -94.0 -300    2    2     0  1.0  1.0  1.0  20.0           
190  -94.5 -300    2    2     0  1.0  1.0  1.0  20.0           
191  -95.0 -300    2    2     0  1.0  1.0  1.0  20.0           
192  -95.5 -300    2    2     0  1.0  1.0  1.0  20.0           
193  -96.0 -300    2    2     0  1.0  1.0  1.0  20.0           
194  -96.5 -300    2    2     0  1.0  1.0  1.0  20.0           
195  -97.0 -300    2    2     0  1.0  1.0  1.0  20.0           
196  -97.5 -300    2    2     0  1.0  1.0  1.0  20.0           
197  -98.0 -300    2    2     0  1.0  1.0  1.0  20.0           
198  -98.5 -300    2    2     0  1.0  1.0  1.0  20.0           
199  -99.0 -300    2    2     0  1.0  1.0  1.0  20.0           
200  -99.5 -300    2    2     0  1.0  1.0  1.0  20.0           
201 -100.0 -300    2    2     0  1.0  1.0  1.0  20.0           
3
   5   21   61