Pcp_File_Version=4
0
121 1 1 1        x          h  Mat  Lay  Beta  Axz  Bxz  Dxz  Temp  Conc SConc
1     0.0 -11.484445    1    1     0  1.0  1.0  1.0  20.0   0.0      
2    -0.5 -11.484445    1    1     0  1.0  1.0  1.0  20.0   0.0      
3    -1.0 -11.484445    1    1     0  1.0  1.0  1.0  20.0   0.0      
4    -1.5 -11.484445    1    1     0  1.0  1.0  1.0  20.0   0.0      
5    -2.0 -11.484445    1    1     0  1.0  1.0  1.0  20.0   0.0      
6    -2.5 -11.484445    1    1     0  1.0  1.0  1.0  20.0   0.0      
7    -3.0 -11.484445    1    1     0  1.0  1.0  1.0  20.0   0.0      
8    -3.5 -11.484445    1    1     0  1.0  1.0  1.0  20.0   0.0      
9    -4.0 -11.484445    1    1     0  1.0  1.0  1.0  20.0   0.0      
10   -4.5 -11.484445    1    1     0  1.0  1.0  1.0  20.0   0.0      
11   -5.0 -11.484445    1    1     0  1.0  1.0  1.0  20.0   0.0      
12   -5.5 -11.484445    1    1     0  1.0  1.0  1.0  20.0   0.0      
13   -6.0 -11.484445    1    1     0  1.0  1.0  1.0  20.0   0.0      
14   -6.5 -11.484445    1    1     0  1.0  1.0  1.0  20.0   0.0      
15   -7.0 -11.484445    1    1     0  1.0  1.0  1.0  20.0   0.0      
16   -7.5 -11.484445    1    1     0  1.0  1.0  1.0  20.0   0.0      
17   -8.0 -11.484445    1    1     0  1.0  1.0  1.0  20.0   0.0      
18   -8.5 -11.484445    1    1     0  1.0  1.0  1.0  20.0   0.0      
19   -9.0 -11.484445    1    1     0  1.0  1.0  1.0  20.0   0.0      
20   -9.5 -11.484445    1    1     0  1.0  1.0  1.0  20.0   0.0      
21  -10.0 -11.484445    1    1     0  1.0  1.0  1.0  20.0   0.0      
22  -10.5 -11.484445    1    1     0  1.0  1.0  1.0  20.0   0.0      
23  -11.0 -11.484445    1    1     0  1.0  1.0  1.0  20.0   0.0      
24  -11.5 -11.484445    1    1     0  1.0  1.0  1.0  20.0   0.0      
25  -12.0 -11.484445    1    1     0  1.0  1.0  1.0  20.0   0.0      
26  -12.5 -11.484445    1    1     0  1.0  1.0  1.0  20.0   0.0      
27  -13.0 -11.484445    1    1     0  1.0  1.0  1.0  20.0   0.0      
28  -13.5 -11.484445    1    1     0  1.0  1.0  1.0  20.0   0.0      
29  -14.0 -11.484445    1    1     0  1.0  1.0  1.0  20.0   0.0      
30  -14.5 -11.484445    1    1     0  1.0  1.0  1.0  20.0   0.0      
31  -15.0 -11.484445    1    1     0  1.0  1.0  1.0  20.0   0.0      
32  -15.5 -11.484445    1    1     0  1.0  1.0  1.0  20.0   0.0      
33  -16.0 -11.484445    1    1     0  1.0  1.0  1.0  20.0   0.0      
34  -16.5 -11.484445    1    1     0  1.0  1.0  1.0  20.0   0.0      
35  -17.0 -11.484445    1    1     0  1.0  1.0  1.0  20.0   0.0      
36  -17.5 -11.484445    1    1     0  1.0  1.0  1.0  20.0   0.0      
37  -18.0 -11.484445    1    1     0  1.0  1.0  1.0  20.0   0.0      
38  -18.5 -11.484445    1    1     0  1.0  1.0  1.0  20.0   0.0      
39  -19.0 -11.484445    1    1     0  1.0  1.0  1.0  20.0   0.0      
40  -19.5 -11.484445    1    1     0  1.0  1.0  1.0  20.0   0.0      
41  -20.0 -11.484445    1    1     0  1.0  1.0  1.0  20.0   0.0      
42  -20.5 -11.484445    1    1     0  1.0  1.0  1.0  20.0   0.0      
43  -21.0 -11.484445    1    1     0  1.0  1.0  1.0  20.0   0.0      
44  -21.5 -11.484445    1    1     0  1.0  1.0  1.0  20.0   0.0      
45  -22.0 -11.484445    1    1     0  1.0  1.0  1.0  20.0   0.0      
46  -22.5 -11.484445    1    1     0  1.0  1.0  1.0  20.0   0.0      
47  -23.0 -11.484445    1    1     0  1.0  1.0  1.0  20.0   0.0      
48  -23.5 -11.484445    1    1     0  1.0  1.0  1.0  20.0   0.0      
49  -24.0 -11.484445    1    1     0  1.0  1.0  1.0  20.0   0.0      
50  -24.5 -11.484445    1    1     0  1.0  1.0  1.0  20.0   0.0      
51  -25.0 -11.484445    1    1     0  1.0  1.0  1.0  20.0   0.0      
52  -25.5 -11.484445    1    1     0  1.0  1.0  1.0  20.0   0.0      
53  -26.0 -11.484445    1    1     0  1.0  1.0  1.0  20.0   0.0      
54  -26.5 -11.484445    1    1     0  1.0  1.0  1.0  20.0   0.0      
55  -27.0 -11.484445    1    1     0  1.0  1.0  1.0  20.0   0.0      
56  -27.5 -11.484445    1    1     0  1.0  1.0  1.0  20.0   0.0      
57  -28.0 -11.484445    1    1     0  1.0  1.0  1.0  20.0   0.0      
58  -28.5 -11.484445    1    1     0  1.0  1.0  1.0  20.0   0.0      
59  -29.0 -11.484445    1    1     0  1.0  1.0  1.0  20.0   0.0      
60  -29.5 -11.484445    1    1     0  1.0  1.0  1.0  20.0   0.0      
61  -30.0 -11.484445    1    1     0  1.0  1.0  1.0  20.0   0.0      
62  -30.5 -11.484445    1    1     0  1.0  1.0  1.0  20.0   0.0      
63  -31.0 -11.484445    1    1     0  1.0  1.0  1.0  20.0   0.0      
64  -31.5 -11.484445    1    1     0  1.0  1.0  1.0  20.0   0.0      
65  -32.0 -11.484445    1    1     0  1.0  1.0  1.0  20.0   0.0      
66  -32.5 -11.484445    1    1     0  1.0  1.0  1.0  20.0   0.0      
67  -33.0 -11.484445    1    1     0  1.0  1.0  1.0  20.0   0.0      
68  -33.5 -11.484445    1    1     0  1.0  1.0  1.0  20.0   0.0      
69  -34.0 -11.484445    1    1     0  1.0  1.0  1.0  20.0   0.0      
70  -34.5 -11.484445    1    1     0  1.0  1.0  1.0  20.0   0.0      
71  -35.0 -11.484445    1    1     0  1.0  1.0  1.0  20.0   0.0      
72  -35.5 -11.484445    1    1     0  1.0  1.0  1.0  20.0   0.0      
73  -36.0 -11.484445    1    1     0  1.0  1.0  1.0  20.0   0.0      
74  -36.5 -11.484445    1    1     0  1.0  1.0  1.0  20.0   0.0      
75  -37.0 -11.484445    1    1     0  1.0  1.0  1.0  20.0   0.0      
76  -37.5 -11.484445    1    1     0  1.0  1.0  1.0  20.0   0.0      
77  -38.0 -11.484445    1    1     0  1.0  1.0  1.0  20.0   0.0      
78  -38.5 -11.484445    1    1     0  1.0  1.0  1.0  20.0   0.0      
79  -39.0 -11.484445    1    1     0  1.0  1.0  1.0  20.0   0.0      
80  -39.5 -11.484445    1    1     0  1.0  1.0  1.0  20.0   0.0      
81  -40.0 -11.484445    1    1     0  1.0  1.0  1.0  20.0   0.0      
82  -40.5 -11.484445    1    1     0  1.0  1.0  1.0  20.0   0.0      
83  -41.0 -11.484445    1    1     0  1.0  1.0  1.0  20.0   0.0      
84  -41.5 -11.484445    1    1     0  1.0  1.0  1.0  20.0   0.0      
85  -42.0 -11.484445    1    1     0  1.0  1.0  1.0  20.0   0.0      
86  -42.5 -11.484445    1    1     0  1.0  1.0  1.0  20.0   0.0      
87  -43.0 -11.484445    1    1     0  1.0  1.0  1.0  20.0   0.0      
88  -43.5 -11.484445    1    1     0  1.0  1.0  1.0  20.0   0.0      
89  -44.0 -11.484445    1    1     0  1.0  1.0  1.0  20.0   0.0      
90  -44.5 -11.484445    1    1     0  1.0  1.0  1.0  20.0   0.0      
91  -45.0 -11.484445    1    1     0  1.0  1.0  1.0  20.0   0.0      
92  -45.5 -11.484445    1    1     0  1.0  1.0  1.0  20.0   0.0      
93  -46.0 -11.484445    1    1     0  1.0  1.0  1.0  20.0   0.0      
94  -46.5 -11.484445    1    1     0  1.0  1.0  1.0  20.0   0.0      
95  -47.0 -11.484445    1    1     0  1.0  1.0  1.0  20.0   0.0      
96  -47.5 -11.484445    1    1     0  1.0  1.0  1.0  20.0   0.0      
97  -48.0 -11.484445    1    1     0  1.0  1.0  1.0  20.0   0.0      
98  -48.5 -11.484445    1    1     0  1.0  1.0  1.0  20.0   0.0      
99  -49.0 -11.484445    1    1     0  1.0  1.0  1.0  20.0   0.0      
100 -49.5 -11.484445    1    1     0  1.0  1.0  1.0  20.0   0.0      
101 -50.0 -11.484445    1    1     0  1.0  1.0  1.0  20.0   0.0      
102 -50.5 -11.484445    1    1     0  1.0  1.0  1.0  20.0   0.0      
103 -51.0 -11.484445    1    1     0  1.0  1.0  1.0  20.0   0.0      
104 -51.5 -11.484445    1    1     0  1.0  1.0  1.0  20.0   0.0      
105 -52.0 -11.484445    1    1     0  1.0  1.0  1.0  20.0   0.0      
106 -52.5 -11.484445    1    1     0  1.0  1.0  1.0  20.0   0.0      
107 -53.0 -11.484445    1    1     0  1.0  1.0  1.0  20.0   0.0      
108 -53.5 -11.484445    1    1     0  1.0  1.0  1.0  20.0   0.0      
109 -54.0 -11.484445    1    1     0  1.0  1.0  1.0  20.0   0.0      
110 -54.5 -11.484445    1    1     0  1.0  1.0  1.0  20.0   0.0      
111 -55.0 -11.484445    1    1     0  1.0  1.0  1.0  20.0   0.0      
112 -55.5 -11.484445    1    1     0  1.0  1.0  1.0  20.0   0.0      
113 -56.0 -11.484445    1    1     0  1.0  1.0  1.0  20.0   0.0      
114 -56.5 -11.484445    1    1     0  1.0  1.0  1.0  20.0   0.0      
115 -57.0 -11.484445    1    1     0  1.0  1.0  1.0  20.0   0.0      
116 -57.5 -11.484445    1    1     0  1.0  1.0  1.0  20.0   0.0      
117 -58.0 -11.484445    1    1     0  1.0  1.0  1.0  20.0   0.0      
118 -58.5 -11.484445    1    1     0  1.0  1.0  1.0  20.0   0.0      
119 -59.0 -11.484445    1    1     0  1.0  1.0  1.0  20.0   0.0      
120 -59.5 -11.484445    1    1     0  1.0  1.0  1.0  20.0   0.0      
121 -60.0 -11.484445    1    1     0  1.0  1.0  1.0  20.0   0.0      
4
   21   41   81   121