Pcp_File_Version=4
0
101 0 0 0         x      h  Mat  Lay  Beta  Axz  Bxz  Dxz  Temp Conc SConc
1      0.0 -100.0    1    1     0  1.0  1.0  1.0  20.0           
2     -1.0  -99.0    1    1     0  1.0  1.0  1.0  20.0           
3     -2.0  -98.0    1    1     0  1.0  1.0  1.0  20.0           
4     -3.0  -97.0    1    1     0  1.0  1.0  1.0  20.0           
5     -4.0  -96.0    1    1     0  1.0  1.0  1.0  20.0           
6     -5.0  -95.0    1    1     0  1.0  1.0  1.0  20.0           
7     -6.0  -94.0    1    1     0  1.0  1.0  1.0  20.0           
8     -7.0  -93.0    1    1     0  1.0  1.0  1.0  20.0           
9     -8.0  -92.0    1    1     0  1.0  1.0  1.0  20.0           
10    -9.0  -91.0    1    1     0  1.0  1.0  1.0  20.0           
11   -10.0  -90.0    1    1     0  1.0  1.0  1.0  20.0           
12   -11.0  -89.0    1    1     0  1.0  1.0  1.0  20.0           
13   -12.0  -88.0    1    1     0  1.0  1.0  1.0  20.0           
14   -13.0  -87.0    1    1     0  1.0  1.0  1.0  20.0           
15   -14.0  -86.0    1    1     0  1.0  1.0  1.0  20.0           
16   -15.0  -85.0    1    1     0  1.0  1.0  1.0  20.0           
17   -16.0  -84.0    1    1     0  1.0  1.0  1.0  20.0           
18   -17.0  -83.0    1    1     0  1.0  1.0  1.0  20.0           
19   -18.0  -82.0    1    1     0  1.0  1.0  1.0  20.0           
20   -19.0  -81.0    1    1     0  1.0  1.0  1.0  20.0           
21   -20.0  -80.0    1    1     0  1.0  1.0  1.0  20.0           
22   -21.0  -79.0    1    1     0  1.0  1.0  1.0  20.0           
23   -22.0  -78.0    1    1     0  1.0  1.0  1.0  20.0           
24   -23.0  -77.0    1    1     0  1.0  1.0  1.0  20.0           
25   -24.0  -76.0    1    1     0  1.0  1.0  1.0  20.0           
26   -25.0  -75.0    1    1     0  1.0  1.0  1.0  20.0           
27   -26.0  -74.0    1    1     0  1.0  1.0  1.0  20.0           
28   -27.0  -73.0    1    1     0  1.0  1.0  1.0  20.0           
29   -28.0  -72.0    1    1     0  1.0  1.0  1.0  20.0           
30   -29.0  -71.0    1    1     0  1.0  1.0  1.0  20.0           
31   -30.0  -70.0    1    1     0  1.0  1.0  1.0  20.0           
32   -31.0  -69.0    1    1     0  1.0  1.0  1.0  20.0           
33   -32.0  -68.0    1    1     0  1.0  1.0  1.0  20.0           
34   -33.0  -67.0    1    1     0  1.0  1.0  1.0  20.0           
35   -34.0  -66.0    1    1     0  1.0  1.0  1.0  20.0           
36   -35.0  -65.0    1    1     0  1.0  1.0  1.0  20.0           
37   -36.0  -64.0    1    1     0  1.0  1.0  1.0  20.0           
38   -37.0  -63.0    1    1     0  1.0  1.0  1.0  20.0           
39   -38.0  -62.0    1    1     0  1.0  1.0  1.0  20.0           
40   -39.0  -61.0    1    1     0  1.0  1.0  1.0  20.0           
41   -40.0  -60.0    1    1     0  1.0  1.0  1.0  20.0           
42   -41.0  -59.0    1    1     0  1.0  1.0  1.0  20.0           
43   -42.0  -58.0    1    1     0  1.0  1.0  1.0  20.0           
44   -43.0  -57.0    1    1     0  1.0  1.0  1.0  20.0           
45   -44.0  -56.0    1    1     0  1.0  1.0  1.0  20.0           
46   -45.0  -55.0    1    1     0  1.0  1.0  1.0  20.0           
47   -46.0  -54.0    1    1     0  1.0  1.0  1.0  20.0           
48   -47.0  -53.0    1    1     0  1.0  1.0  1.0  20.0           
49   -48.0  -52.0    1    1     0  1.0  1.0  1.0  20.0           
50   -49.0  -51.0    1    1     0  1.0  1.0  1.0  20.0           
51   -50.0  -50.0    1    1     0  1.0  1.0  1.0  20.0           
52   -51.0  -49.0    1    1     0  1.0  1.0  1.0  20.0           
53   -52.0  -48.0    1    1     0  1.0  1.0  1.0  20.0           
54   -53.0  -47.0    1    1     0  1.0  1.0  1.0  20.0           
55   -54.0  -46.0    1    1     0  1.0  1.0  1.0  20.0           
56   -55.0  -45.0    1    1     0  1.0  1.0  1.0  20.0           
57   -56.0  -44.0    1    1     0  1.0  1.0  1.0  20.0           
58   -57.0  -43.0    1    1     0  1.0  1.0  1.0  20.0           
59   -58.0  -42.0    1    1     0  1.0  1.0  1.0  20.0           
60   -59.0  -41.0    1    1     0  1.0  1.0  1.0  20.0           
61   -60.0  -40.0    1    1     0  1.0  1.0  1.0  20.0           
62   -61.0  -39.0    1    1     0  1.0  1.0  1.0  20.0           
63   -62.0  -38.0    1    1     0  1.0  1.0  1.0  20.0           
64   -63.0  -37.0    1    1     0  1.0  1.0  1.0  20.0           
65   -64.0  -36.0    1    1     0  1.0  1.0  1.0  20.0           
66   -65.0  -35.0    1    1     0  1.0  1.0  1.0  20.0           
67   -66.0  -34.0    1    1     0  1.0  1.0  1.0  20.0           
68   -67.0  -33.0    1    1     0  1.0  1.0  1.0  20.0           
69   -68.0  -32.0    1    1     0  1.0  1.0  1.0  20.0           
70   -69.0  -31.0    1    1     0  1.0  1.0  1.0  20.0           
71   -70.0  -30.0    1    1     0  1.0  1.0  1.0  20.0           
72   -71.0  -29.0    1    1     0  1.0  1.0  1.0  20.0           
73   -72.0  -28.0    1    1     0  1.0  1.0  1.0  20.0           
74   -73.0  -27.0    1    1     0  1.0  1.0  1.0  20.0           
75   -74.0  -26.0    1    1     0  1.0  1.0  1.0  20.0           
76   -75.0  -25.0    1    1     0  1.0  1.0  1.0  20.0           
77   -76.0  -24.0    1    1     0  1.0  1.0  1.0  20.0           
78   -77.0  -23.0    1    1     0  1.0  1.0  1.0  20.0           
79   -78.0  -22.0    1    1     0  1.0  1.0  1.0  20.0           
80   -79.0  -21.0    1    1     0  1.0  1.0  1.0  20.0           
81   -80.0  -20.0    1    1     0  1.0  1.0  1.0  20.0           
82   -81.0  -19.0    1    1     0  1.0  1.0  1.0  20.0           
83   -82.0  -18.0    1    1     0  1.0  1.0  1.0  20.0           
84   -83.0  -17.0    1    1     0  1.0  1.0  1.0  20.0           
85   -84.0  -16.0    1    1     0  1.0  1.0  1.0  20.0           
86   -85.0  -15.0    1    1     0  1.0  1.0  1.0  20.0           
87   -86.0  -14.0    1    1     0  1.0  1.0  1.0  20.0           
88   -87.0  -13.0    1    1     0  1.0  1.0  1.0  20.0           
89   -88.0  -12.0    1    1     0  1.0  1.0  1.0  20.0           
90   -89.0  -11.0    1    1     0  1.0  1.0  1.0  20.0           
91   -90.0  -10.0    1    1     0  1.0  1.0  1.0  20.0           
92   -91.0   -9.0    1    1     0  1.0  1.0  1.0  20.0           
93   -92.0   -8.0    1    1     0  1.0  1.0  1.0  20.0           
94   -93.0   -7.0    1    1     0  1.0  1.0  1.0  20.0           
95   -94.0   -6.0    1    1     0  1.0  1.0  1.0  20.0           
96   -95.0   -5.0    1    1     0  1.0  1.0  1.0  20.0           
97   -96.0   -4.0    1    1     0  1.0  1.0  1.0  20.0           
98   -97.0   -3.0    1    1     0  1.0  1.0  1.0  20.0           
99   -98.0   -2.0    1    1     0  1.0  1.0  1.0  20.0           
100  -99.0   -1.0    1    1     0  1.0  1.0  1.0  20.0           
101 -100.0    0.0    1    1     0  1.0  1.0  1.0  20.0           
4
   11   31   51   81